((("MinGain_1" .
   [7 0 0 0 0 0 0 0 0])
  ("MaxGain_1" .
   [3 0 0 0 0 0 0 0 0])
  ("i" .
   [2])
  ("np" .
   [5 0])
  ("pr" .
   [0 1])
  ("workerPool" .
   [0 0 0 0 1 0 0 0 0 0])
  ("runnumbers" .
   [0 0 0 0 0 0 1 0 0 0])
  ("numba" .
   [1 0 0 0 0])
  ("jit" .
   [1 0 0])
  ("cpu_count" .
   [0 0 0 1 0 0 0 0 0])
  ("plt" .
   [4 0 0])
  ("xx" .
   [0 1])
  ("Xlast" .
   [0 0 0 1 0])
  ("xlabel" .
   [1 0 0 0 0 0])
  ("Number" .
   [1 0 0 0 0 0])
  ("ylabel" .
   [1 0 0 0 0 0])
  ("show" .
   [1 0 0 0])
  ("array" .
   [1 0 0 0 2])
  ("Inverse_times" .
   [0 0 0 0 0 1 0 0 0 0 0 0 0])
  ("s" .
   [1])
  ("scatter" .
   [1 0 0 0 0 0 0])
  ("uncertainties" .
   [0 0 0 0 0 0 1 0 0 0 0 0 0])
  ("ufloat" .
   [1 0 0 0 0 0])
  ("n" .
   [1])
  ("MaxGain_3" .
   [4 0 0 0 0 0 0 0 0])
  ("MinGain_3" .
   [3 0 0 0 0 0 0 0 0])))
